NWS 13.37 12.52 2129.5891
LUK 17.48 16.02 3549.2922
TGNA 24.365 22.53 4377.2789
PBI 21.76 18.16 4521.2702
TE 27.82 27.66 5215.4452
PWR 24.37 22.53 5320.0951
OI 19.61 17.63 5766.619
GGP 29.705 27.965 5827.1847
KIM 29.92 27.73 6167.2993
NWSA 12.91 11.97 6202.0179
TDC 29.6 24.21 6406.9878
NI 24.0 21.97 6634.7122
NTAP 24.745 22.5301 6879.1776
ZION 27.8599 25.56 7278.2427
NAVI 13.985 12.64 8050.019
WU 20.56 18.73 10440.8041
IPG 24.2 22.745 10880.515
PBCT 16.68 14.89 11278.3099
MOS 29.56 24.89 12281.5087
JNPR 24.15 22.23 12836.0528
PHM 19.49 17.91 13072.5504
HPE 17.72 15.57 13961.538
NRG 15.79 13.85 14076.7022
SYMC 18.28 16.48 20398.0392
WMB 20.87 17.57 23937.5006
STX 27.57 18.73 25064.7113
HST 16.63 15.0199 25093.9578
HPQ 12.95 11.38 26675.7322
KEY 12.66 11.7 30926.3211
MS 27.81 25.91 32676.5188
KMI 19.31 16.65 43242.0303
SWN 13.98 10.44 47483.5319
MRO 15.12 11.29 59723.5376
